3,9
6,7
9,6
12,5
15,4
18,4
21,4
24,4
27,3
30,3
33,3
36,3
39,2
42,2
45,1
48,1
51,0
54,0
56,9
59,9
62,8
65,8
68,7
71,7
74,6
77,6
77,9
77,9
77,9
77,9
77,9
77,9
77,9
77,9
77,9
77,9
77,9
77,9
77,9
77,9
77,9
77,9
77,9
77,9
77,9
77,9
77,9
77,9
77,9
77,9
77,9
77,9
77,9
77,9
77,9
77,9
77,9
77,9
77,9
77,9
77,9
77,9
77,9
77,9
77,9
77,9
77,9
77,9
77,9
77,9
77,9
77,9
77,9
77,9
77,9
77,9
77,9
77,9
77,9
77,9
77,9
77,9
77,9
77,9
77,9
77,9
77,9
77,9
77,9
77,9
77,9
77,9
77,9
77,9
77,9
77,9
77,9
77,9
77,9
77,9
77,9
77,9
77,9
77,9
77,9
77,9
77,9
77,9
77,9
77,9
77,9
77,9
77,9
77,9
77,9
77,9
77,9
77,9
77,9
77,9
77,9
77,9
77,9
77,9
77,9
77,9
77,9
77,9
77,9
77,9
77,9
77,9
77,9
77,9
77,9
77,9
77,9
77,9
77,9
77,9
77,9
77,9
77,9
77,9
77,9
77,9
77,9
77,9
77,9
77,9
77,9
77,9
77,9
77,9
77,9
77,9
77,9
77,9
77,9
77,9
77,9
77,9
77,9
77,9
77,9
77,9
77,9
77,9
77,9
77,9
77,9
77,9
77,9
77,9
77,9
77,9
77,9
77,9
77,9
77,9
77,9
77,9
77,9
77,9
77,9
77,9
77,9
77,9
77,9
77,9
77,9
77,9
77,9
77,9
77,9
77,9
77,9
77,9
77,9
77,9
77,9
77,9
77,9
77,9
77,9
77,9
77,9
77,9
77,9
77,9
77,9
77,9
77,9
77,9
77,9
77,9
77,9
77,9
77,9
77,9
77,9
77,9
77,9
77,9
77,9
77,9
77,9
77,9
77,9
77,9
77,9
77,9
77,9
77,9
77,9
77,9
77,9
77,9
77,9
77,9
77,9
77,9
77,9
77,9
77,9
77,9
77,9
77,9
77,9
77,9
77,9
77,9
77,9
77,9
77,9
77,9
77,9
77,9
77,9
77,9
77,9
77,9
77,9
77,9
77,9
77,9
77,9
77,9
77,9
77,9
77,9
77,9
77,9
77,9
77,9
77,9
77,9
77,9
77,9
77,9
77,9
77,9
77,9
77,9
77,9
77,9
77,9
77,9
77,9
77,9
77,9
77,9
77,9
77,9
77,9
77,9
77,9
77,9
77,9
77,9
77,9
77,9
77,9
77,9
77,9
77,9
77,9
77,9
77,9
77,9
77,9
77,9
77,9
77,9
77,9
77,9
77,9
77,9
77,9
77,9
77,9
77,9
77,9
77,9
77,9
77,9
77,9
77,9
77,9
77,9
77,9
77,9
77,9
77,9
77,9
77,9
77,9
77,9
77,9
77,9
77,9
77,9
77,9
77,9
77,9
77,9
77,9
77,9
77,9
77,9
77,9
77,9
77,9
77,9
77,9
77,9
77,9
77,9
77,9
77,9
77,9
77,9
77,9
77,9
77,9
77,9
77,9
77,9
77,9
77,9
77,9
77,9
77,9
77,9
77,9
77,9
77,9
77,9
77,9
77,9
77,9
77,9
77,9
77,9
77,9
77,9
77,9
77,9
77,9
77,9
77,9
77,9
77,9
77,9
77,9
77,9
77,9
77,9
77,9
77,9
77,9
77,9
77,9
77,9
77,9
77,9
77,9
77,9
77,9
77,9
77,9
77,9
77,9
77,9
77,9
77,9
77,9
77,9
77,9
77,9
77,9
77,9
77,9
77,9
77,9
77,9
77,9
77,9
77,9
77,9
77,9
77,9
77,9
77,9
77,9
77,9
77,9
77,9
77,9
77,9
77,9
77,9
77,9
77,9
77,9
77,9
77,9
77,9
77,9
77,9
77,9
77,9
77,9
77,9
77,9
77,9
77,9
77,9
77,9
77,9
77,9
77,9
77,9
77,9
77,9
77,9
77,9
77,9
77,9
77,9
77,9
77,9
77,9
77,9
77,9
77,9
77,9
77,9
77,9
77,9
77,9
77,9
77,9
77,9
77,9
77,9
77,9
77,9
77,9
77,9
77,9
77,9
77,9
77,9
77,9
77,9
77,9
77,9
77,9
77,9
77,9
77,9
77,9
77,9
77,9
77,9
77,9
77,9
77,9
77,9
77,9
77,9
77,9
77,9
77,9
77,9
77,9
77,9
77,9
77,9
77,9
77,9
77,9
77,9
77,9
77,9
77,9
77,9
77,9
77,9
77,9
77,9
77,9
77,9
77,9
77,9
77,9
77,9
77,9
77,9
77,9
77,9
77,9
77,9
77,9
77,9
77,9
77,9
77,9
77,9
77,9
77,9
77,9
77,9
77,9
77,9
77,9
77,9
77,9
77,9
77,9
77,9
77,9
77,9
77,9
77,9
77,9
77,9
77,9
77,9
77,9
77,9
77,9
77,9
77,9
77,9
77,9
77,9
77,9
77,9
77,9
77,9
77,9
77,9
77,9
77,9
77,9
77,9
77,9
77,9
77,9
77,9
77,9
77,9
77,9
77,9
77,9
77,9
77,9
77,9
77,9
77,9
77,9
77,9
77,9
77,9
77,9
77,9
77,9
77,9
77,9
77,9
77,9
77,9
77,9
77,9
77,9
77,9
77,9
77,9
77,9
77,9
77,9
77,9
77,9
77,9
77,9
77,9
77,9
77,9
77,9
77,9
77,9
77,9
77,9
77,9
77,9
77,9
77,9
77,9
77,9
77,9
77,9
77,9
77,9
77,9
77,9
77,9
77,9
77,9
77,9
77,9
77,9
77,9
77,9
77,9
77,9
77,9
77,9
77,9
77,9
77,9
77,9
77,9
77,9
77,9
77,9
77,9
77,9
77,9
77,9
77,9
77,9
77,9
77,9
77,9
77,9
77,9
77,9
77,9
77,9
77,9
77,9
77,9
77,9
77,9
77,9
77,9
77,9
77,9
77,9
77,9
77,9
77,9
77,9
77,9
77,9
77,9
77,9
77,9
77,9
77,9
77,9
77,9
77,9
77,9
77,9
77,9
77,9
77,9
77,9
77,9
77,9
77,9
77,9
77,9
77,9
77,9
77,9
77,9
77,9
77,9
77,9
77,9
77,9
77,9
0,0
0,0
0,0
