4,2
7,1
10,0
12,9
15,9
18,9
21,9
24,9
27,9
30,9
34,1
37,1
40,1
43,0
46,0
49,0
52,0
54,9
57,9
60,9
63,8
66,8
69,8
72,7
75,1
77,7
77,9
77,9
77,9
77,9
77,9
77,9
77,9
77,9
77,9
77,9
77,9
77,9
77,9
77,9
77,9
77,9
77,9
77,9
77,9
77,9
77,9
77,9
77,9
77,9
77,9
77,9
77,9
77,9
77,9
77,9
77,9
77,9
77,9
77,9
77,9
77,9
77,9
77,9
77,9
77,9
77,9
77,9
77,9
77,9
77,9
77,9
77,9
77,9
77,9
77,9
77,9
77,9
77,9
77,9
77,9
77,9
77,9
77,9
77,9
77,9
77,9
77,9
77,9
77,9
77,9
77,9
77,9
77,9
77,9
77,9
77,9
77,9
77,9
77,9
77,9
77,9
77,9
77,9
77,9
77,9
77,9
77,9
77,9
77,9
77,9
77,9
77,9
77,9
77,9
77,9
77,9
77,9
77,9
77,9
77,9
77,9
77,9
77,9
77,9
77,9
77,9
77,9
77,9
77,9
77,9
77,9
77,9
77,9
77,9
77,9
77,9
77,9
77,9
77,9
77,9
77,9
77,9
77,9
77,9
77,9
77,9
77,9
77,9
77,9
77,9
77,9
77,9
77,9
77,9
77,9
77,9
77,9
77,9
77,9
77,9
77,9
77,9
77,9
77,9
77,9
77,9
77,9
77,9
77,9
77,9
77,9
77,9
77,9
77,9
77,9
77,9
77,9
77,9
77,9
77,9
77,9
77,9
77,9
77,9
77,9
77,9
77,9
77,9
77,9
77,9
77,9
77,9
77,9
77,9
77,9
77,9
77,9
77,9
77,9
77,9
77,9
77,9
77,9
77,9
77,9
77,9
77,9
77,9
77,9
77,9
77,9
77,9
77,9
77,9
77,9
77,9
77,9
77,9
77,9
77,9
77,9
77,9
77,9
77,9
77,9
77,9
77,9
77,9
77,9
77,9
77,9
77,9
77,9
77,9
77,9
77,9
77,9
77,9
77,9
77,9
77,9
77,9
77,9
77,9
77,9
77,9
77,9
77,9
77,9
77,9
77,9
77,9
77,9
77,9
77,9
77,9
77,9
77,9
77,9
77,9
77,9
77,9
77,9
77,9
77,9
77,9
77,9
77,9
77,9
77,9
77,9
77,9
77,9
77,9
77,9
77,9
77,9
77,9
77,9
77,9
77,9
77,9
77,9
77,9
77,9
77,9
77,9
77,9
77,9
77,9
77,9
77,9
77,9
77,9
77,9
77,9
77,9
77,9
77,9
77,9
77,9
77,9
77,9
77,9
77,9
77,9
77,9
77,9
77,9
77,9
77,9
77,9
77,9
77,9
77,9
77,9
77,9
77,9
77,9
77,9
77,9
77,9
77,9
77,9
77,9
77,9
77,9
77,9
77,9
77,9
77,9
77,9
77,9
77,9
77,9
77,9
77,9
77,9
77,9
77,9
77,9
77,9
77,9
77,9
77,9
77,9
77,9
77,9
77,9
77,9
77,9
77,9
77,9
77,9
77,9
77,9
77,9
77,9
77,9
77,9
77,9
77,9
77,9
77,9
77,9
77,9
77,9
77,9
77,9
77,9
77,9
77,9
77,9
77,9
77,9
77,9
77,9
77,9
77,9
77,9
77,9
77,9
77,9
77,9
77,9
77,9
77,9
77,9
77,9
77,9
77,9
77,9
77,9
77,9
77,9
77,9
77,9
77,9
77,9
77,9
77,9
77,9
77,9
77,9
77,9
77,9
77,9
77,9
77,9
77,9
77,9
77,9
77,9
77,9
77,9
77,9
77,9
77,9
77,9
77,9
77,9
77,9
77,9
77,9
77,9
77,9
77,9
77,9
77,9
77,9
77,9
77,9
77,9
77,9
77,9
77,9
77,9
77,9
77,9
77,9
77,9
77,9
77,9
77,9
77,9
77,9
77,9
77,9
77,9
77,9
77,9
77,9
77,9
77,9
77,9
77,9
77,9
77,9
77,9
77,9
77,9
77,9
77,9
77,9
77,9
77,9
77,9
77,9
77,9
77,9
77,9
77,9
77,9
77,9
77,9
77,9
77,9
77,9
77,9
77,9
77,9
77,9
77,9
77,9
77,9
77,9
77,9
77,9
77,9
77,9
77,9
77,9
77,9
77,9
77,9
77,9
77,9
77,9
77,9
77,9
77,9
77,9
77,9
77,9
77,9
77,9
77,9
77,9
77,9
77,9
77,9
77,9
77,9
77,9
77,9
77,9
77,9
77,9
77,9
77,9
77,9
77,9
77,9
77,9
77,9
77,9
77,9
77,9
77,9
77,9
77,9
77,9
77,9
77,9
77,9
77,9
77,9
77,9
77,9
77,9
77,9
77,9
77,9
77,9
77,9
77,9
77,9
77,9
77,9
77,9
77,9
77,9
77,9
77,9
77,9
77,9
77,9
77,9
77,9
77,9
77,9
77,9
77,9
77,9
77,9
77,9
77,9
77,9
77,9
77,9
77,9
77,9
77,9
77,9
77,9
77,9
77,9
77,9
77,9
77,9
77,9
77,9
77,9
77,9
77,9
77,9
77,9
77,9
77,9
77,9
77,9
77,9
77,9
77,9
77,9
77,9
77,9
77,9
77,9
77,9
77,9
77,9
77,9
77,9
77,9
77,9
77,9
77,9
77,9
77,9
77,9
77,9
77,9
77,9
77,9
77,9
77,9
77,9
77,9
77,9
77,9
77,9
77,9
77,9
77,9
77,9
77,9
77,9
77,9
77,9
77,9
77,9
77,9
77,9
77,9
77,9
77,9
77,9
77,9
77,9
77,9
77,9
77,9
77,9
77,9
77,9
77,9
77,9
77,9
77,9
77,9
77,9
77,9
77,9
77,9
77,9
77,9
77,9
77,9
77,9
77,9
77,9
77,9
77,9
77,9
77,9
77,9
77,9
77,9
77,9
77,9
77,9
77,9
77,9
77,9
77,9
77,9
77,9
77,9
77,9
77,9
77,9
77,9
77,9
77,9
77,9
77,9
77,9
77,9
77,9
77,9
77,9
77,9
77,9
77,9
77,9
77,9
77,9
77,9
77,9
77,9
77,9
0,0
0,0
0,0
