4,1
6,8
9,5
12,3
15,1
18,0
20,9
23,7
26,7
29,5
32,5
35,4
38,3
41,3
44,2
47,2
50,1
53,1
56,0
59,0
62,0
64,9
67,9
70,9
73,9
76,8
77,9
77,9
77,9
77,9
77,9
77,9
77,9
77,9
77,9
77,9
77,9
77,9
77,9
77,9
77,9
77,9
77,9
77,9
77,9
77,9
77,9
77,9
77,9
77,9
77,9
77,9
77,9
77,9
77,9
77,9
77,9
77,9
77,9
77,9
77,9
77,9
77,9
77,9
77,9
77,9
77,9
77,9
77,9
77,9
77,9
77,9
77,9
77,9
77,9
77,9
77,9
77,9
77,9
77,9
77,9
77,9
77,9
77,9
77,9
77,9
77,9
77,9
77,9
77,9
77,9
77,9
77,9
77,9
77,9
77,9
77,9
77,9
77,9
77,9
77,9
77,9
77,9
77,9
77,9
77,9
77,9
77,9
77,9
77,9
77,9
77,9
77,9
77,9
77,9
77,9
77,9
77,9
77,9
77,9
77,9
77,9
77,9
77,9
77,9
77,9
77,9
77,9
77,9
77,9
77,9
77,9
77,9
77,9
77,9
77,9
77,9
77,9
77,9
77,9
77,9
77,9
77,9
77,9
77,9
77,9
77,9
77,9
77,9
77,9
77,9
77,9
77,9
77,9
77,9
77,9
77,9
77,9
77,9
77,9
77,9
77,9
77,9
77,9
77,9
77,9
77,9
77,9
77,9
77,9
77,9
77,9
77,9
77,9
77,9
77,9
77,9
77,9
77,9
77,9
77,9
77,9
77,9
77,9
77,9
77,9
77,9
77,9
77,9
77,9
77,9
77,9
77,9
77,9
77,9
77,9
77,9
77,9
77,9
77,9
77,9
77,9
77,9
77,9
77,9
77,9
77,9
77,9
77,9
77,9
77,9
77,9
77,9
77,9
77,9
77,9
77,9
77,9
77,9
77,9
77,9
77,9
77,9
77,9
77,9
77,9
77,9
77,9
77,9
77,9
77,9
77,9
77,9
77,9
77,9
77,9
77,9
77,9
77,9
77,9
77,9
77,9
77,9
77,9
77,9
77,9
77,9
77,9
77,9
77,9
77,9
77,9
77,9
77,9
77,9
77,9
77,9
77,9
77,9
77,9
77,9
77,9
77,9
77,9
77,9
77,9
77,9
77,9
77,9
77,9
77,9
77,9
77,9
77,9
77,9
77,9
77,9
77,9
77,9
77,9
77,9
77,9
77,9
77,9
77,9
77,9
77,9
77,9
77,9
77,9
77,9
77,9
77,9
77,9
77,9
77,9
77,9
77,9
77,9
77,9
77,9
77,9
77,9
77,9
77,9
77,9
77,9
77,9
77,9
77,9
77,9
77,9
77,9
77,9
77,9
77,9
77,9
77,9
77,9
77,9
77,9
77,9
77,9
77,9
77,9
77,9
77,9
77,9
77,9
77,9
77,9
77,9
77,9
77,9
77,9
77,9
77,9
77,9
77,9
77,9
77,9
77,9
77,9
77,9
77,9
77,9
77,9
77,9
77,9
77,9
77,9
77,9
77,9
77,9
77,9
77,9
77,9
77,9
77,9
77,9
77,9
77,9
77,9
77,9
77,9
77,9
77,9
77,9
77,9
77,9
77,9
77,9
77,9
77,9
77,9
77,9
77,9
77,9
77,9
77,9
77,9
77,9
77,9
77,9
77,9
77,9
77,9
77,9
77,9
77,9
77,9
77,9
77,9
77,9
77,9
77,9
77,9
77,9
77,9
77,9
77,9
77,9
77,9
77,9
77,9
77,9
77,9
77,9
77,9
77,9
77,9
77,9
77,9
77,9
77,9
77,9
77,9
77,9
77,9
77,9
77,9
77,9
77,9
77,9
77,9
77,9
77,9
77,9
77,9
77,9
77,9
77,9
77,9
77,9
77,9
77,9
77,9
77,9
77,9
77,9
77,9
77,9
77,9
77,9
77,9
77,9
77,9
77,9
77,9
77,9
77,9
77,9
77,9
77,9
77,9
77,9
77,9
77,9
77,9
77,9
77,9
77,9
77,9
77,9
77,9
77,9
77,9
77,9
77,9
77,9
77,9
77,9
77,9
77,9
77,9
77,9
77,9
77,9
77,9
77,9
77,9
77,9
77,9
77,9
77,9
77,9
77,9
77,9
77,9
77,9
77,9
77,9
77,9
77,9
77,9
77,9
77,9
77,9
77,9
77,9
77,9
77,9
77,9
77,9
77,9
77,9
77,9
77,9
77,9
77,9
77,9
77,9
77,9
77,9
77,9
77,9
77,9
77,9
77,9
77,9
77,9
77,9
77,9
77,9
77,9
77,9
77,9
77,9
77,9
77,9
77,9
77,9
77,9
77,9
77,9
77,9
77,9
77,9
77,9
77,9
77,9
77,9
77,9
77,9
77,9
77,9
77,9
77,9
77,9
77,9
77,9
77,9
77,9
77,9
77,9
77,9
77,9
77,9
77,9
77,9
77,9
77,9
77,9
77,9
77,9
77,9
77,9
77,9
77,9
77,9
77,9
77,9
77,9
77,9
77,9
77,9
77,9
77,9
77,9
77,9
77,9
77,9
77,9
77,9
77,9
77,9
77,9
77,9
77,9
77,9
77,9
77,9
77,9
77,9
77,9
77,9
77,9
77,9
77,9
77,9
77,9
77,9
77,9
77,9
77,9
77,9
77,9
77,9
77,9
77,9
77,9
77,9
77,9
77,9
77,9
77,9
77,9
77,9
77,9
77,9
77,9
77,9
77,9
77,9
77,9
77,9
77,9
77,9
77,9
77,9
77,9
77,9
77,9
77,9
77,9
77,9
77,9
77,9
77,9
77,9
77,9
77,9
77,9
77,9
77,9
77,9
77,9
77,9
77,9
77,9
77,9
77,9
77,9
77,9
77,9
77,9
77,9
77,9
77,9
77,9
77,9
77,9
77,9
77,9
77,9
77,9
77,9
77,9
77,9
77,9
77,9
77,9
77,9
77,9
77,9
77,9
77,9
77,9
77,9
77,9
77,9
77,9
77,9
77,9
77,9
77,9
77,9
77,9
77,9
77,9
77,9
77,9
77,9
77,9
77,9
77,9
77,9
77,9
77,9
77,9
77,9
77,9
77,9
77,9
77,9
77,9
77,9
77,9
77,9
77,9
77,9
77,9
77,9
0,0
0,0
0,0
